Hyper 0.1
 l_returnflag | l_linestatus |  sum_qty   | sum_base_price |  sum_disc_price  |     sum_charge     | avg_qty | avg_price  | avg_disc | count_order
--------------+--------------+------------+----------------+------------------+--------------------+---------+------------+----------+-------------
 A            | F            | 3774200.00 |  5320753880.69 |  5054096266.6828 |  5256751331.449234 | 25.5376 | 36002.1238 |   0.0501 |      147790
 N            | F            |   95257.00 |   133737795.84 |   127132372.6512 |   132286291.229445 | 25.3007 | 35521.3269 |   0.0494 |        3765
 N            | O            | 7679822.00 | 10823487077.24 | 10282025059.1390 | 10693158047.350890 | 25.5385 | 35992.3884 |   0.0501 |      300716
 R            | F            | 3785523.00 |  5337950526.47 |  5071818532.9420 |  5274405503.049367 | 25.5259 | 35994.0292 |   0.0500 |      148301
(4 rows)

    revenue
---------------
 11803420.2534

Hyper 1
 l_returnflag | l_linestatus |   sum_qty   | sum_base_price  |  sum_disc_price   |     sum_charge      | avg_qty | avg_price  | avg_disc | count_order
--------------+--------------+-------------+-----------------+-------------------+---------------------+---------+------------+----------+-------------
 A            | F            | 37734107.00 |  56586554400.73 |  53758257134.8700 |  55909065222.827692 | 25.5220 | 38273.1297 |   0.0500 |     1478493
 N            | F            |   991417.00 |   1487504710.38 |   1413082168.0541 |   1469649223.194375 | 25.5165 | 38284.4678 |   0.0501 |       38854
 N            | O            | 76633518.00 | 114935210409.19 | 109189591897.4720 | 113561024263.013782 | 25.5020 | 38248.0156 |   0.0500 |     3004998
 R            | F            | 37719753.00 |  56568041380.90 |  53741292684.6040 |  55889619119.831932 | 25.5058 | 38250.8546 |   0.0500 |     1478870
(4 rows)
    revenue
----------------
 123141078.2283
Hyper 10

 l_returnflag | l_linestatus |   sum_qty    |  sum_base_price  |   sum_disc_price   |      sum_charge      | avg_qty | avg_price  | avg_disc | count_order
--------------+--------------+--------------+------------------+--------------------+----------------------+---------+------------+----------+-------------
 A            | F            | 377518399.00 |  566065727797.25 |  537759104278.0656 |  559276670892.116819 | 25.5010 | 38237.1510 |   0.0500 |    14804077
 N            | F            |   9851614.00 |   14767438399.17 |   14028805792.2114 |   14590490998.366737 | 25.5224 | 38257.8107 |   0.0500 |      385998
 N            | O            | 764635193.00 | 1146548935600.94 | 1089215873201.8919 | 1132796761431.364531 | 25.4982 | 38233.8539 |   0.0500 |    29987794
 R            | F            | 377732830.00 |  566431054976.00 |  538110922664.7677 |  559634780885.086257 | 25.5084 | 38251.2193 |   0.0500 |    14808183
(4 rows)

     revenue
-----------------
 1230113636.0101


TF CPU -  0.1
[[0.0000000e+00 0.0000000e+00 0.0000000e+00 0.0000000e+00 0.0000000e+00
  0.0000000e+00 0.0000000e+00 0.0000000e+00]
 [7.6798220e+06 1.0823487e+10 1.0282025e+10 1.0693159e+10 2.5538454e+01
  3.5992391e+04 5.0089527e-02 3.0071600e+05]
 [9.5257000e+04 1.3373779e+08 1.2713237e+08 1.3228629e+08 2.5300665e+01
  3.5521324e+04 4.9394414e-02 3.7650000e+03]
 [0.0000000e+00 0.0000000e+00 0.0000000e+00 0.0000000e+00           nan
            nan           nan 0.0000000e+00]
 [3.7855230e+06 5.3379502e+09 5.0718182e+09 5.2744054e+09 2.5525944e+01
  3.5994027e+04 4.9989317e-02 1.4830100e+05]
 [0.0000000e+00 0.0000000e+00 0.0000000e+00 0.0000000e+00           nan
            nan           nan 0.0000000e+00]
 [3.7742000e+06 5.3207537e+09 5.0540959e+09 5.2567511e+09 2.5537586e+01
  3.6002121e+04 5.0144639e-02 1.4779000e+05]]
11803420.0

TF CPU -  1
[[0.0000000e+00 0.0000000e+00 0.0000000e+00 0.0000000e+00 0.0000000e+00
  0.0000000e+00 0.0000000e+00 0.0000000e+00]
 [7.6633520e+07 1.1493517e+11 1.0918962e+11 1.1356101e+11 2.5502020e+01
  3.8248000e+04 5.0000329e-02 3.0049980e+06]
 [9.9141700e+05 1.4875046e+09 1.4130824e+09 1.4696494e+09 2.5516472e+01
  3.8284465e+04 5.0093431e-02 3.8854000e+04]
 [0.0000000e+00 0.0000000e+00 0.0000000e+00 0.0000000e+00           nan
            nan           nan 0.0000000e+00]
 [3.7719752e+07 5.6568025e+10 5.3741289e+10 5.5889617e+10 2.5505793e+01
  3.8250844e+04 5.0009444e-02 1.4788700e+06]
 [0.0000000e+00 0.0000000e+00 0.0000000e+00 0.0000000e+00           nan
            nan           nan 0.0000000e+00]
 [3.7734112e+07 5.6586559e+10 5.3758247e+10 5.5909052e+10 2.5522009e+01
  3.8273133e+04 4.9985342e-02 1.4784930e+06]]
123141030.0

TF CPU - 10
[[0.00000000e+00 0.00000000e+00 0.00000000e+00 0.00000000e+00
  0.00000000e+00 0.00000000e+00 0.00000000e+00 0.00000000e+00]
 [7.64635264e+08 1.14654891e+12 1.08921586e+12 1.13279658e+12
  2.54982185e+01 3.82338555e+04 5.00010997e-02 2.99877920e+07]
 [9.85161400e+06 1.47674419e+10 1.40288041e+10 1.45904937e+10
  2.55224476e+01 3.82578203e+04 4.99733612e-02 3.85998000e+05]
 [0.00000000e+00 0.00000000e+00 0.00000000e+00 0.00000000e+00
             nan            nan            nan 0.00000000e+00]
 [3.77732800e+08 5.66431056e+11 5.38110853e+11 5.59634842e+11
  2.55083828e+01 3.82512188e+04 4.99968082e-02 1.48081830e+07]
 [0.00000000e+00 0.00000000e+00 0.00000000e+00 0.00000000e+00
             nan            nan            nan 0.00000000e+00]
 [3.77518400e+08 5.66065627e+11 5.37759089e+11 5.59276622e+11
  2.55009747e+01 3.82371445e+04 5.00065871e-02 1.48040770e+07]]
1230113700.0


TF GPU - 0.1
[[0.0000000e+00 0.0000000e+00 0.0000000e+00 0.0000000e+00 0.0000000e+00
  0.0000000e+00 0.0000000e+00 0.0000000e+00]
 [7.6798220e+06 1.0823486e+10 1.0282025e+10 1.0693158e+10 2.5538454e+01
  3.5992387e+04 5.0089452e-02 3.0071600e+05]
 [9.5257000e+04 1.3373779e+08 1.2713237e+08 1.3228629e+08 2.5300665e+01
  3.5521324e+04 4.9394421e-02 3.7650000e+03]
 [0.0000000e+00 0.0000000e+00 0.0000000e+00 0.0000000e+00           nan
            nan           nan 0.0000000e+00]
 [3.7855230e+06 5.3379502e+09 5.0718182e+09 5.2744059e+09 2.5525944e+01
  3.5994027e+04 4.9989279e-02 1.4830100e+05]
 [0.0000000e+00 0.0000000e+00 0.0000000e+00 0.0000000e+00           nan
            nan           nan 0.0000000e+00]
 [3.7742000e+06 5.3207542e+09 5.0540959e+09 5.2567511e+09 2.5537586e+01
  3.6002125e+04 5.0144594e-02 1.4779000e+05]]

  11803420.0

TF GPU - 1
[[0.00000000e+00 0.00000000e+00 0.00000000e+00 0.00000000e+00
  0.00000000e+00 0.00000000e+00 0.00000000e+00 0.00000000e+00]
 [7.66335040e+07 1.14935210e+11 1.09189595e+11 1.13561027e+11
  2.55020142e+01 3.82480156e+04 5.00002578e-02 3.00499800e+06]
 [9.91417000e+05 1.48750464e+09 1.41308211e+09 1.46964915e+09
  2.55164719e+01 3.82844648e+04 5.00934273e-02 3.88540000e+04]
 [0.00000000e+00 0.00000000e+00 0.00000000e+00 0.00000000e+00
             nan            nan            nan 0.00000000e+00]
 [3.77197520e+07 5.65680374e+10 5.37412936e+10 5.58896169e+10
  2.55057926e+01 3.82508516e+04 5.00094034e-02 1.47887000e+06]
 [0.00000000e+00 0.00000000e+00 0.00000000e+00 0.00000000e+00
             nan            nan            nan 0.00000000e+00]
 [3.77341080e+07 5.65865554e+10 5.37582551e+10 5.59090647e+10
  2.55220070e+01 3.82731289e+04 4.99852970e-02 1.47849300e+06]]

123141070.0

TF GPU - 10

[[0.00000000e+00 0.00000000e+00 0.00000000e+00 0.00000000e+00
  0.00000000e+00 0.00000000e+00 0.00000000e+00 0.00000000e+00]
 [7.64635136e+08 1.14654878e+12 1.08921586e+12 1.13279671e+12
  2.54982109e+01 3.82338477e+04 5.00010252e-02 2.99877960e+07]
 [9.85161400e+06 1.47674378e+10 1.40288072e+10 1.45904916e+10
  2.55224476e+01 3.82578086e+04 4.99733649e-02 3.85998000e+05]
 [0.00000000e+00 0.00000000e+00 0.00000000e+00 0.00000000e+00
             nan            nan            nan 0.00000000e+00]
 [3.77732800e+08 5.66431056e+11 5.38110919e+11 5.59634776e+11
  2.55083828e+01 3.82512188e+04 4.99967895e-02 1.48081830e+07]
 [0.00000000e+00 0.00000000e+00 0.00000000e+00 0.00000000e+00
             nan            nan            nan 0.00000000e+00]
 [3.77518400e+08 5.66065758e+11 5.37759089e+11 5.59276687e+11
  2.55009747e+01 3.82371523e+04 5.00065759e-02 1.48040770e+07]]

1230113800.0